28
399
70
499
19
527
95
484
85
70
52
51
98
6
67
34
99
102
81
730
34
928
99
617
67
88
28
781
65
243
100
464
32
218
80
288
93
57
1
585
77
16
91
409
64
990
95
623
85
901
99
545
70
270
46
889
80
18
47
844
30
650
46
591
4
883
97
990
12
961
35
122
74
335
63
333
47
537
57
117
44
694
13
379
24
101
11
752
89
346
88
315
17
485
79
585
73
584
82
177
23
571
24
403
44
798
31
268
4
346
7
464
30
972
89
797
41
887
50
440
61
293
36
207
1
626
91
610
5
821
50
695
55
411
85
584
62
522
99
2
19
159
73
573
66
76
14
51
69
641
54
967
76
382
26
692
11
187
50
855
37
173
13
985
39
301
46
533
98
509
32
971
83
362
25
38
23
417
84
456
79
240
65
296
54
802
34
29
82
357
19
330
85
332
52
574
96
244
3
487
28
399
70
499
19
527
95
484
85
70
52
51
98
6
67
34
99
102
81
730
34
928
99
617
67
88
28
781
65
243
100
464
32
218
80
288
93
57
1
585
77
16
91
409
64
990
95
623
85
901
99
545
70
270
46
889
80
18
47
844
30
650
46
591
4
883
97
990
12
961
35
122
74
335
63
333
47
537
57
117
44
694
13
379
24
101
11
752
89
346
88
315
17
485
79
585
73
584
82
177
23
571
24
403
44
798
31
268
4
346
7
464
30
972
89
797
41
887
50
440
61
293
36
207
1
626
91
610
5
821
50
695
55
411
85
584
62
522
99
2
19
159
73
573
66
76
14
51
69
641
54
967
76
382
26
692
11
187
50
855
37
173
13
985
39
301
46
533
98
509
32
971
83
362
25
38
23
417
84
456
79
240
65
296
54
802
34
29
82
357
19
330
85
332
52
574
96
244
3
487
